

[[  -270.   3452.   5651.   5322.   5759.   5292.   5063.   5394.   4828.
    5508.   4862.   2408.   1860.   3076.    546.   2068.   3288.   4744.
    3956.   2058.   1800.   -982.    474.    967.   3588.   6920.   5466.
    4062.   4160.   3578.   3251.   -698.   2132.   4257.   4038.   4849.
    4476.    665.  -1750.  -2784.   5508.   3482.  -1236.  -6744.    224.
   -5130.  -3772.  -7204.  -9488. -10202.  -5006.   1800.  -1082.   -578.
    -615.   3436.   3992.   2990.  -1742.   3652.    750.    101.   2622.
    2084.    661.    -58.  -1291.    220.   2641.   4998.   5156.  -4100.
     690.   2648.   3672.  -2180.   4882.   3924.   4544.   4744.   3956.
   -2906.  -7596.   1830.   -434.   -855.     76.   1408.    790.   2434.
   -1704.   2078.   1769.  12398.  16260.  14129.  12230.  12325.  13060.
    9045.   9198.   7852.  19228.  10842.   5620.   1000.   6040.   3542.
    3652.     48.  -1580.  -1916.   8346.    900.   6998.   9510.  12009.
    9940.  15080.  10750.   9162.  10900.   9062.   8637.]]

===============

[[ -768.  2404.  2031.  4470.  4476.  4584.  5533.  5808.  5434.  2788.
   -214.  2854.  2376.  6632.  4206.  4910.  2572.  1336.  3032.  8056.
   2030.   236.  1660.   693.  1238.  5018.  3482.  2940.  2908.  -890.
   1629. -2344.  1220.   709.   470.  -908.  2676.  4543.   812. -2790.
  -5052. -2234.  1232. -3296.  3608.  4206.  1098. -1616. -3672. -7164.
  -5928.  -656. -2652.   612.   235.  1058. -2594. -2066. -7124. -1080.
  -4694. -4509.  1208.  2348.  1213.  2826.  4792.  1424.   495.  3696.
   5958.  3532.  -842.   932.  2736. -2952. -2818.  2794.  2240.  2188.
   5730.  4488. -5410.  3988.  1652.   395.   626.  5502.  4454.  5860.
  -2748.  2606.  4415. 10920. 12804.  6661.  9674. 11560. 12128. 13311.
  12352.  8678.  -108. 11062. 10138.  6416.  2928. 15022. 10154.  4328.
   2212.  2096.  -632. 23172.  6708.  9060.  8571.  7198. 10382.  7670.
   2108. 10664.  7818.  1653.]]

[[  -196.  -3204.   1195.   1267.   -306.    333.    546.   1804.   2718.
    1904.   -208.   3624.   2128.   4710.   -174.   1660.    520.   2567.
    3682.   1422.   1856.  -2536.   -252.  -1228.   1068.    -92.   1534.
    -708.  -1022.  -1454.   -964. -17348. -13124.  -9395. -11919. -10858.
  -10321. -14098. -16636. -17118.  -4616.  -6480.  -7348.  -7852.  -5090.
   -8890. -12348. -13928. -10139.  -7996.  -2370. -10962. -11996.  -3860.
   -4852.  -8724. -17876. -11406.  -9940.  -6402. -18234. -10902.  -2692.
   -3812.  -3057.  -4653.  -5812.  -4547.  -4518.  -5036.  -5074.  -5320.
   -1288.  -2956.  -5464.  -1738.    942.  -5020.  -4240.  -4137.  -3694.
    -474.   2462.  -2688.  -1196.   -996.   -716.  -5036.  -7434.  -4980.
   -2198.  -5206.  -5236.   8948.   8148.   6933.   5045.   4282.   5387.
    8986.   9192.  10078.  -4648.   8216.   9072.   4816.   -326.   9322.
    7228.   7296.   3673.   1166.    474.   9448.   6640.   2980.   4792.
    4436.   7588.   5938.   6284.   3950.   9846.   8048.]]

===============

[[ -768.  2404.  2031.  4470.  4476.  4584.  5533.  5808.  5434.  2788.
   -214.  2854.  2376.  6632.  4206.  4910.  2572.  1336.  3032.  8056.
   2030.   236.  1660.   693.  1238.  5018.  3482.  2940.  2908.  -890.
   1629. -2344.  1220.   709.   470.  -908.  2676.  4543.   812. -2790.
  -5052. -2234.  1232. -3296.  3608.  4206.  1098. -1616. -3672. -7164.
  -5928.  -656. -2652.   612.   235.  1058. -2594. -2066. -7124. -1080.
  -4694. -4509.  1208.  2348.  1213.  2826.  4792.  1424.   495.  3696.
   5958.  3532.  -842.   932.  2736. -2952. -2818.  2794.  2240.  2188.
   5730.  4488. -5410.  3988.  1652.   395.   626.  5502.  4454.  5860.
  -2748.  2606.  4415. 10920. 12804.  6661.  9674. 11560. 12128. 13311.
  12352.  8678.  -108. 11062. 10138.  6416.  2928. 15022. 10154.  4328.
   2212.  2096.  -632. 23172.  6708.  9060.  8571.  7198. 10382.  7670.
   2108. 10664.  7818.  1653.]]

[[-3.1780e+03 -3.5320e+03 -2.4590e+03 -1.7560e+03 -6.7900e+02 -1.8500e+03
  -3.2700e+02  3.2800e+03  2.9440e+03  3.5700e+03 -1.5940e+03  1.5660e+03
   9.4240e+03  3.3820e+03  4.4940e+03  3.7040e+03  9.4040e+03  1.4230e+04
   1.5970e+04  4.3720e+03  4.5000e+02 -1.8860e+03 -1.4360e+03 -1.5740e+03
  -1.4960e+03 -2.6400e+02 -4.4600e+02  4.1700e+03  8.6000e+02 -2.0780e+03
   1.1070e+03  1.6380e+03 -6.8400e+02 -2.4590e+03 -1.7560e+03 -9.7500e+02
  -1.8500e+03 -2.0950e+03 -2.4240e+03 -2.4560e+03 -1.4220e+03 -1.5940e+03
  -1.6900e+03 -1.4600e+03 -1.8740e+03 -2.2000e+01 -8.5600e+02 -1.6800e+02
   2.0000e+00 -8.9600e+02 -3.6000e+02  2.8980e+03  1.6740e+03  3.4400e+02
  -1.2000e+02 -1.4960e+03 -2.1200e+03 -1.4060e+03 -1.7060e+03 -1.3680e+03
  -7.5000e+02 -1.6370e+03 -9.9180e+03 -1.0596e+04 -7.4130e+03 -6.4360e+03
  -6.3530e+03 -6.7340e+03 -5.4010e+03 -5.6720e+03 -4.8280e+03 -9.4260e+03
  -5.7660e+03 -3.1020e+03  1.9120e+03 -4.1660e+03 -3.9420e+03 -1.0080e+03
   2.4920e+03  4.7460e+03  5.3500e+03 -1.7120e+03 -4.6980e+03 -6.1940e+03
  -4.4440e+03 -4.7220e+03 -5.0080e+03 -8.0400e+03 -5.8740e+03 -4.5260e+03
  -5.8800e+03 -6.2340e+03 -4.3730e+03 -8.2600e+02  2.0040e+03  3.8890e+03
   4.2080e+03  5.3130e+03  3.8500e+03  5.6090e+03  7.9680e+03  8.1800e+03
   3.0260e+03  3.9580e+03  3.7540e+03  7.2680e+03  1.2020e+03  5.2940e+03
   5.9920e+03  8.2440e+03  1.1070e+04  1.1222e+04  5.6680e+03  5.5980e+03
  -1.0380e+03 -2.0800e+02  1.2000e+02  2.1680e+03  6.7280e+03  5.5380e+03
   8.0620e+03  1.9320e+03  3.5780e+03  4.6550e+03]]

==============================

[[ -768.  2404.  2031.  4470.  4476.  4584.  5533.  5808.  5434.  2788.
   -214.  2854.  2376.  6632.  4206.  4910.  2572.  1336.  3032.  8056.
   2030.   236.  1660.   693.  1238.  5018.  3482.  2940.  2908.  -890.
   1629. -2344.  1220.   709.   470.  -908.  2676.  4543.   812. -2790.
  -5052. -2234.  1232. -3296.  3608.  4206.  1098. -1616. -3672. -7164.
  -5928.  -656. -2652.   612.   235.  1058. -2594. -2066. -7124. -1080.
  -4694. -4509.  1208.  2348.  1213.  2826.  4792.  1424.   495.  3696.
   5958.  3532.  -842.   932.  2736. -2952. -2818.  2794.  2240.  2188.
   5730.  4488. -5410.  3988.  1652.   395.   626.  5502.  4454.  5860.
  -2748.  2606.  4415. 10920. 12804.  6661.  9674. 11560. 12128. 13311.
  12352.  8678.  -108. 11062. 10138.  6416.  2928. 15022. 10154.  4328.
   2212.  2096.  -632. 23172.  6708.  9060.  8571.  7198. 10382.  7670.
   2108. 10664.  7818.  1653.]]

[[-3.1780e+03 -3.5320e+03 -2.4590e+03 -1.7560e+03 -6.7900e+02 -1.8500e+03
  -3.2700e+02  3.2800e+03  2.9440e+03  3.5700e+03 -1.5940e+03  1.5660e+03
   9.4240e+03  3.3820e+03  4.4940e+03  3.7040e+03  9.4040e+03  1.4230e+04
   1.5970e+04  4.3720e+03  4.5000e+02 -1.8860e+03 -1.4360e+03 -1.5740e+03
  -1.4960e+03 -2.6400e+02 -4.4600e+02  4.1700e+03  8.6000e+02 -2.0780e+03
   1.1070e+03  1.6380e+03 -6.8400e+02 -2.4590e+03 -1.7560e+03 -9.7500e+02
  -1.8500e+03 -2.0950e+03 -2.4240e+03 -2.4560e+03 -1.4220e+03 -1.5940e+03
  -1.6900e+03 -1.4600e+03 -1.8740e+03 -2.2000e+01 -8.5600e+02 -1.6800e+02
   2.0000e+00 -8.9600e+02 -3.6000e+02  2.8980e+03  1.6740e+03  3.4400e+02
  -1.2000e+02 -1.4960e+03 -2.1200e+03 -1.4060e+03 -1.7060e+03 -1.3680e+03
  -7.5000e+02 -1.6370e+03 -9.9180e+03 -1.0596e+04 -7.4130e+03 -6.4360e+03
  -6.3530e+03 -6.7340e+03 -5.4010e+03 -5.6720e+03 -4.8280e+03 -9.4260e+03
  -5.7660e+03 -3.1020e+03  1.9120e+03 -4.1660e+03 -3.9420e+03 -1.0080e+03
   2.4920e+03  4.7460e+03  5.3500e+03 -1.7120e+03 -4.6980e+03 -6.1940e+03
  -4.4440e+03 -4.7220e+03 -5.0080e+03 -8.0400e+03 -5.8740e+03 -4.5260e+03
  -5.8800e+03 -6.2340e+03 -4.3730e+03 -8.2600e+02  2.0040e+03  3.8890e+03
   4.2080e+03  5.3130e+03  3.8500e+03  5.6090e+03  7.9680e+03  8.1800e+03
   3.0260e+03  3.9580e+03  3.7540e+03  7.2680e+03  1.2020e+03  5.2940e+03
   5.9920e+03  8.2440e+03  1.1070e+04  1.1222e+04  5.6680e+03  5.5980e+03
  -1.0380e+03 -2.0800e+02  1.2000e+02  2.1680e+03  6.7280e+03  5.5380e+03
   8.0620e+03  1.9320e+03  3.5780e+03  4.6550e+03]]

==============================

[[ -768.  2404.  2031.  4470.  4476.  4584.  5533.  5808.  5434.  2788.
   -214.  2854.  2376.  6632.  4206.  4910.  2572.  1336.  3032.  8056.
   2030.   236.  1660.   693.  1238.  5018.  3482.  2940.  2908.  -890.
   1629. -2344.  1220.   709.   470.  -908.  2676.  4543.   812. -2790.
  -5052. -2234.  1232. -3296.  3608.  4206.  1098. -1616. -3672. -7164.
  -5928.  -656. -2652.   612.   235.  1058. -2594. -2066. -7124. -1080.
  -4694. -4509.  1208.  2348.  1213.  2826.  4792.  1424.   495.  3696.
   5958.  3532.  -842.   932.  2736. -2952. -2818.  2794.  2240.  2188.
   5730.  4488. -5410.  3988.  1652.   395.   626.  5502.  4454.  5860.
  -2748.  2606.  4415. 10920. 12804.  6661.  9674. 11560. 12128. 13311.
  12352.  8678.  -108. 11062. 10138.  6416.  2928. 15022. 10154.  4328.
   2212.  2096.  -632. 23172.  6708.  9060.  8571.  7198. 10382.  7670.
   2108. 10664.  7818.  1653.]]

[[-3.1780e+03 -3.5320e+03 -2.4590e+03 -1.7560e+03 -6.7900e+02 -1.8500e+03
  -3.2700e+02  3.2800e+03  2.9440e+03  3.5700e+03 -1.5940e+03  1.5660e+03
   9.4240e+03  3.3820e+03  4.4940e+03  3.7040e+03  9.4040e+03  1.4230e+04
   1.5970e+04  4.3720e+03  4.5000e+02 -1.8860e+03 -1.4360e+03 -1.5740e+03
  -1.4960e+03 -2.6400e+02 -4.4600e+02  4.1700e+03  8.6000e+02 -2.0780e+03
   1.1070e+03  1.6380e+03 -6.8400e+02 -2.4590e+03 -1.7560e+03 -9.7500e+02
  -1.8500e+03 -2.0950e+03 -2.4240e+03 -2.4560e+03 -1.4220e+03 -1.5940e+03
  -1.6900e+03 -1.4600e+03 -1.8740e+03 -2.2000e+01 -8.5600e+02 -1.6800e+02
   2.0000e+00 -8.9600e+02 -3.6000e+02  2.8980e+03  1.6740e+03  3.4400e+02
  -1.2000e+02 -1.4960e+03 -2.1200e+03 -1.4060e+03 -1.7060e+03 -1.3680e+03
  -7.5000e+02 -1.6370e+03 -9.9180e+03 -1.0596e+04 -7.4130e+03 -6.4360e+03
  -6.3530e+03 -6.7340e+03 -5.4010e+03 -5.6720e+03 -4.8280e+03 -9.4260e+03
  -5.7660e+03 -3.1020e+03  1.9120e+03 -4.1660e+03 -3.9420e+03 -1.0080e+03
   2.4920e+03  4.7460e+03  5.3500e+03 -1.7120e+03 -4.6980e+03 -6.1940e+03
  -4.4440e+03 -4.7220e+03 -5.0080e+03 -8.0400e+03 -5.8740e+03 -4.5260e+03
  -5.8800e+03 -6.2340e+03 -4.3730e+03 -8.2600e+02  2.0040e+03  3.8890e+03
   4.2080e+03  5.3130e+03  3.8500e+03  5.6090e+03  7.9680e+03  8.1800e+03
   3.0260e+03  3.9580e+03  3.7540e+03  7.2680e+03  1.2020e+03  5.2940e+03
   5.9920e+03  8.2440e+03  1.1070e+04  1.1222e+04  5.6680e+03  5.5980e+03
  -1.0380e+03 -2.0800e+02  1.2000e+02  2.1680e+03  6.7280e+03  5.5380e+03
   8.0620e+03  1.9320e+03  3.5780e+03  4.6550e+03]]

==============================

[[ -768.  2404.  2031.  4470.  4476.  4584.  5533.  5808.  5434.  2788.
   -214.  2854.  2376.  6632.  4206.  4910.  2572.  1336.  3032.  8056.
   2030.   236.  1660.   693.  1238.  5018.  3482.  2940.  2908.  -890.
   1629. -2344.  1220.   709.   470.  -908.  2676.  4543.   812. -2790.
  -5052. -2234.  1232. -3296.  3608.  4206.  1098. -1616. -3672. -7164.
  -5928.  -656. -2652.   612.   235.  1058. -2594. -2066. -7124. -1080.
  -4694. -4509.  1208.  2348.  1213.  2826.  4792.  1424.   495.  3696.
   5958.  3532.  -842.   932.  2736. -2952. -2818.  2794.  2240.  2188.
   5730.  4488. -5410.  3988.  1652.   395.   626.  5502.  4454.  5860.
  -2748.  2606.  4415. 10920. 12804.  6661.  9674. 11560. 12128. 13311.
  12352.  8678.  -108. 11062. 10138.  6416.  2928. 15022. 10154.  4328.
   2212.  2096.  -632. 23172.  6708.  9060.  8571.  7198. 10382.  7670.
   2108. 10664.  7818.  1653.]]

[[-1.2840e+03 -6.4800e+02 -6.8700e+02  1.1760e+03  4.9800e+03 -3.2600e+02
  -1.8650e+03  2.4740e+03  5.0800e+03  1.4080e+04 -1.6600e+03 -3.4300e+02
   5.9240e+03  1.1298e+04 -1.3220e+03  2.1220e+03  3.5260e+03  5.6280e+03
   7.3830e+03  1.4472e+04 -2.0670e+03  1.4200e+03 -2.1600e+02 -1.6260e+03
  -1.0620e+03  2.4260e+03  5.3120e+03  7.3240e+03  1.7380e+03 -1.5620e+03
   4.7680e+03  1.0920e+03 -1.0320e+03 -7.4700e+02 -2.1280e+03 -3.7000e+03
  -2.2060e+03 -1.8650e+03 -2.3180e+03 -2.3040e+03 -5.0080e+03  1.4080e+03
  -7.8100e+02 -9.9600e+02 -4.4500e+03  1.3220e+03 -1.6220e+03 -1.2780e+03
  -2.1680e+03 -8.8100e+02 -4.8800e+02  2.0250e+03 -4.0000e+00 -7.5200e+02
   8.0000e+01  7.3000e+02 -2.3420e+03 -2.5800e+03 -1.0440e+03 -1.7100e+03
   1.9340e+03 -1.5580e+03 -5.6760e+03 -6.2000e+03 -4.1010e+03 -5.4240e+03
  -7.5840e+03 -6.3060e+03 -6.9030e+03 -6.8260e+03 -5.4720e+03 -2.6800e+03
  -5.6920e+03 -4.6790e+03 -2.1240e+03 -8.8380e+03 -9.4940e+03 -5.5620e+03
  -2.7260e+03 -1.8080e+03  5.5300e+02  3.3680e+03 -8.8090e+03 -4.2680e+03
  -4.0400e+03 -4.8780e+03 -4.8980e+03 -6.5940e+03 -4.9680e+03  2.2000e+02
  -4.8660e+03 -4.0140e+03 -1.6760e+03 -6.3600e+02  2.0960e+03  1.7810e+03
   5.1680e+03  5.5680e+03  3.8020e+03  4.1630e+03  7.1860e+03  9.0880e+03
   7.2320e+03 -1.4080e+03  2.1190e+03  7.2360e+03  1.0098e+04  4.2060e+03
   6.1300e+03  4.6660e+03  4.0200e+03  8.3790e+03  1.6200e+04  3.8900e+02
   1.8840e+03  1.6000e+03 -8.0000e+01  8.0200e+02  8.1540e+03  5.3560e+03
   8.1880e+03 -3.6600e+02  1.8700e+03  4.6980e+03]]

==============================

[[ -768.  2404.  2031.  4470.  4476.  4584.  5533.  5808.  5434.  2788.
   -214.  2854.  2376.  6632.  4206.  4910.  2572.  1336.  3032.  8056.
   2030.   236.  1660.   693.  1238.  5018.  3482.  2940.  2908.  -890.
   1629. -2344.  1220.   709.   470.  -908.  2676.  4543.   812. -2790.
  -5052. -2234.  1232. -3296.  3608.  4206.  1098. -1616. -3672. -7164.
  -5928.  -656. -2652.   612.   235.  1058. -2594. -2066. -7124. -1080.
  -4694. -4509.  1208.  2348.  1213.  2826.  4792.  1424.   495.  3696.
   5958.  3532.  -842.   932.  2736. -2952. -2818.  2794.  2240.  2188.
   5730.  4488. -5410.  3988.  1652.   395.   626.  5502.  4454.  5860.
  -2748.  2606.  4415. 10920. 12804.  6661.  9674. 11560. 12128. 13311.
  12352.  8678.  -108. 11062. 10138.  6416.  2928. 15022. 10154.  4328.
   2212.  2096.  -632. 23172.  6708.  9060.  8571.  7198. 10382.  7670.
   2108. 10664.  7818.  1653.]]

[[ -768.  2404.  2031.  4470.  4476.  4584.  5533.  5808.  5434.  2788.
   -214.  2854.  2376.  6632.  4206.  4910.  2572.  1336.  3032.  8056.
   2030.   236.  1660.   693.  1238.  5018.  3482.  2940.  2908.  -890.
   1629. -2344.  1220.   709.   470.  -908.  2676.  4543.   812. -2790.
  -5052. -2234.  1232. -3296.  3608.  4206.  1098. -1616. -3672. -7164.
  -5928.  -656. -2652.   612.   235.  1058. -2594. -2066. -7124. -1080.
  -4694. -4509.  1208.  2348.  1213.  2826.  4792.  1424.   495.  3696.
   5958.  3532.  -842.   932.  2736. -2952. -2818.  2794.  2240.  2188.
   5730.  4488. -5410.  3988.  1652.   395.   626.  5502.  4454.  5860.
  -2748.  2606.  4415. 10920. 12804.  6661.  9674. 11560. 12128. 13311.
  12352.  8678.  -108. 11062. 10138.  6416.  2928. 15022. 10154.  4328.
   2212.  2096.  -632. 23172.  6708.  9060.  8571.  7198. 10382.  7670.
   2108. 10664.  7818.  1653.]]

==============================

[[ -768.  2404.  2031.  4470.  4476.  4584.  5533.  5808.  5434.  2788.
   -214.  2854.  2376.  6632.  4206.  4910.  2572.  1336.  3032.  8056.
   2030.   236.  1660.   693.  1238.  5018.  3482.  2940.  2908.  -890.
   1629. -2344.  1220.   709.   470.  -908.  2676.  4543.   812. -2790.
  -5052. -2234.  1232. -3296.  3608.  4206.  1098. -1616. -3672. -7164.
  -5928.  -656. -2652.   612.   235.  1058. -2594. -2066. -7124. -1080.
  -4694. -4509.  1208.  2348.  1213.  2826.  4792.  1424.   495.  3696.
   5958.  3532.  -842.   932.  2736. -2952. -2818.  2794.  2240.  2188.
   5730.  4488. -5410.  3988.  1652.   395.   626.  5502.  4454.  5860.
  -2748.  2606.  4415. 10920. 12804.  6661.  9674. 11560. 12128. 13311.
  12352.  8678.  -108. 11062. 10138.  6416.  2928. 15022. 10154.  4328.
   2212.  2096.  -632. 23172.  6708.  9060.  8571.  7198. 10382.  7670.
   2108. 10664.  7818.  1653.]]

[[    94.   1564.   1770.   1440.    412.    274.     91.   1365.   3579.
    3928.  -1982.  -2260.   -636.    440.  -1428.    528.   1888.   3734.
    3863.     68.   1403.   1726.    592.  -2000.    256.  -1122.   1162.
     664.    400.   1092.   1345.  -3534.  -7756.  -5238.  -6928.  -7478.
   -9154. -13423. -16769. -15319.  -7764.  -8386. -10558.  -7036.  -2520.
  -13620. -12984.  -9240.  -8458.  -5243.  -2244.  -4647.  -6062.  -4168.
   -6848.  -5144. -11406. -11898. -11184.  -8404.  -5536.  -8941.  -1426.
   -2628.  -2946.  -3552.  -4076.  -3694.  -4725.  -6123.  -7085.  -3928.
   -1354.  -3488.  -3820.   -520.   2576.  -6136.  -6376.  -6252.  -5377.
   -2380.   3939.  -2330.  -2208.  -2176.  -1840.  -4442.  -4054.  -5008.
   -1496.  -1156.  -4855.   3338.   5852.   7258.   8628.   8088.   8162.
    8957.  10667.  10149.    704.   6390.   3904.   -692.   2520.  14588.
    2240.  -2544.  -2662.   -703.   1020.   4647.   5362.   6088.   5192.
    5088.   8938.   7822.   7880.   2976.   3868.   3519.]]

==============================

[[ -768.  2404.  2031.  4470.  4476.  4584.  5533.  5808.  5434.  2788.
   -214.  2854.  2376.  6632.  4206.  4910.  2572.  1336.  3032.  8056.
   2030.   236.  1660.   693.  1238.  5018.  3482.  2940.  2908.  -890.
   1629. -2344.  1220.   709.   470.  -908.  2676.  4543.   812. -2790.
  -5052. -2234.  1232. -3296.  3608.  4206.  1098. -1616. -3672. -7164.
  -5928.  -656. -2652.   612.   235.  1058. -2594. -2066. -7124. -1080.
  -4694. -4509.  1208.  2348.  1213.  2826.  4792.  1424.   495.  3696.
   5958.  3532.  -842.   932.  2736. -2952. -2818.  2794.  2240.  2188.
   5730.  4488. -5410.  3988.  1652.   395.   626.  5502.  4454.  5860.
  -2748.  2606.  4415. 10920. 12804.  6661.  9674. 11560. 12128. 13311.
  12352.  8678.  -108. 11062. 10138.  6416.  2928. 15022. 10154.  4328.
   2212.  2096.  -632. 23172.  6708.  9060.  8571.  7198. 10382.  7670.
   2108. 10664.  7818.  1653.]]

[[    94.   1564.   1770.   1440.    412.    274.     91.   1365.   3579.
    3928.  -1982.  -2260.   -636.    440.  -1428.    528.   1888.   3734.
    3863.     68.   1403.   1726.    592.  -2000.    256.  -1122.   1162.
     664.    400.   1092.   1345.  -3534.  -7756.  -5238.  -6928.  -7478.
   -9154. -13423. -16769. -15319.  -7764.  -8386. -10558.  -7036.  -2520.
  -13620. -12984.  -9240.  -8458.  -5243.  -2244.  -4647.  -6062.  -4168.
   -6848.  -5144. -11406. -11898. -11184.  -8404.  -5536.  -8941.  -1426.
   -2628.  -2946.  -3552.  -4076.  -3694.  -4725.  -6123.  -7085.  -3928.
   -1354.  -3488.  -3820.   -520.   2576.  -6136.  -6376.  -6252.  -5377.
   -2380.   3939.  -2330.  -2208.  -2176.  -1840.  -4442.  -4054.  -5008.
   -1496.  -1156.  -4855.   3338.   5852.   7258.   8628.   8088.   8162.
    8957.  10667.  10149.    704.   6390.   3904.   -692.   2520.  14588.
    2240.  -2544.  -2662.   -703.   1020.   4647.   5362.   6088.   5192.
    5088.   8938.   7822.   7880.   2976.   3868.   3519.]]

==============================

[[ -768.  2404.  2031.  4470.  4476.  4584.  5533.  5808.  5434.  2788.
   -214.  2854.  2376.  6632.  4206.  4910.  2572.  1336.  3032.  8056.
   2030.   236.  1660.   693.  1238.  5018.  3482.  2940.  2908.  -890.
   1629. -2344.  1220.   709.   470.  -908.  2676.  4543.   812. -2790.
  -5052. -2234.  1232. -3296.  3608.  4206.  1098. -1616. -3672. -7164.
  -5928.  -656. -2652.   612.   235.  1058. -2594. -2066. -7124. -1080.
  -4694. -4509.  1208.  2348.  1213.  2826.  4792.  1424.   495.  3696.
   5958.  3532.  -842.   932.  2736. -2952. -2818.  2794.  2240.  2188.
   5730.  4488. -5410.  3988.  1652.   395.   626.  5502.  4454.  5860.
  -2748.  2606.  4415. 10920. 12804.  6661.  9674. 11560. 12128. 13311.
  12352.  8678.  -108. 11062. 10138.  6416.  2928. 15022. 10154.  4328.
   2212.  2096.  -632. 23172.  6708.  9060.  8571.  7198. 10382.  7670.
   2108. 10664.  7818.  1653.]]

[[ -768.  2404.  2031.  4470.  4476.  4584.  5533.  5808.  5434.  2788.
   -214.  2854.  2376.  6632.  4206.  4910.  2572.  1336.  3032.  8056.
   2030.   236.  1660.   693.  1238.  5018.  3482.  2940.  2908.  -890.
   1629. -2344.  1220.   709.   470.  -908.  2676.  4543.   812. -2790.
  -5052. -2234.  1232. -3296.  3608.  4206.  1098. -1616. -3672. -7164.
  -5928.  -656. -2652.   612.   235.  1058. -2594. -2066. -7124. -1080.
  -4694. -4509.  1208.  2348.  1213.  2826.  4792.  1424.   495.  3696.
   5958.  3532.  -842.   932.  2736. -2952. -2818.  2794.  2240.  2188.
   5730.  4488. -5410.  3988.  1652.   395.   626.  5502.  4454.  5860.
  -2748.  2606.  4415. 10920. 12804.  6661.  9674. 11560. 12128. 13311.
  12352.  8678.  -108. 11062. 10138.  6416.  2928. 15022. 10154.  4328.
   2212.  2096.  -632. 23172.  6708.  9060.  8571.  7198. 10382.  7670.
   2108. 10664.  7818.  1653.]]

==============================

[[ -768.  2404.  2031.  4470.  4476.  4584.  5533.  5808.  5434.  2788.
   -214.  2854.  2376.  6632.  4206.  4910.  2572.  1336.  3032.  8056.
   2030.   236.  1660.   693.  1238.  5018.  3482.  2940.  2908.  -890.
   1629. -2344.  1220.   709.   470.  -908.  2676.  4543.   812. -2790.
  -5052. -2234.  1232. -3296.  3608.  4206.  1098. -1616. -3672. -7164.
  -5928.  -656. -2652.   612.   235.  1058. -2594. -2066. -7124. -1080.
  -4694. -4509.  1208.  2348.  1213.  2826.  4792.  1424.   495.  3696.
   5958.  3532.  -842.   932.  2736. -2952. -2818.  2794.  2240.  2188.
   5730.  4488. -5410.  3988.  1652.   395.   626.  5502.  4454.  5860.
  -2748.  2606.  4415. 10920. 12804.  6661.  9674. 11560. 12128. 13311.
  12352.  8678.  -108. 11062. 10138.  6416.  2928. 15022. 10154.  4328.
   2212.  2096.  -632. 23172.  6708.  9060.  8571.  7198. 10382.  7670.
   2108. 10664.  7818.  1653.]]

[[ -768.  2404.  2031.  4470.  4476.  4584.  5533.  5808.  5434.  2788.
   -214.  2854.  2376.  6632.  4206.  4910.  2572.  1336.  3032.  8056.
   2030.   236.  1660.   693.  1238.  5018.  3482.  2940.  2908.  -890.
   1629. -2344.  1220.   709.   470.  -908.  2676.  4543.   812. -2790.
  -5052. -2234.  1232. -3296.  3608.  4206.  1098. -1616. -3672. -7164.
  -5928.  -656. -2652.   612.   235.  1058. -2594. -2066. -7124. -1080.
  -4694. -4509.  1208.  2348.  1213.  2826.  4792.  1424.   495.  3696.
   5958.  3532.  -842.   932.  2736. -2952. -2818.  2794.  2240.  2188.
   5730.  4488. -5410.  3988.  1652.   395.   626.  5502.  4454.  5860.
  -2748.  2606.  4415. 10920. 12804.  6661.  9674. 11560. 12128. 13311.
  12352.  8678.  -108. 11062. 10138.  6416.  2928. 15022. 10154.  4328.
   2212.  2096.  -632. 23172.  6708.  9060.  8571.  7198. 10382.  7670.
   2108. 10664.  7818.  1653.]]

==============================

[[ -768.  2404.  2031.  4470.  4476.  4584.  5533.  5808.  5434.  2788.
   -214.  2854.  2376.  6632.  4206.  4910.  2572.  1336.  3032.  8056.
   2030.   236.  1660.   693.  1238.  5018.  3482.  2940.  2908.  -890.
   1629. -2344.  1220.   709.   470.  -908.  2676.  4543.   812. -2790.
  -5052. -2234.  1232. -3296.  3608.  4206.  1098. -1616. -3672. -7164.
  -5928.  -656. -2652.   612.   235.  1058. -2594. -2066. -7124. -1080.
  -4694. -4509.  1208.  2348.  1213.  2826.  4792.  1424.   495.  3696.
   5958.  3532.  -842.   932.  2736. -2952. -2818.  2794.  2240.  2188.
   5730.  4488. -5410.  3988.  1652.   395.   626.  5502.  4454.  5860.
  -2748.  2606.  4415. 10920. 12804.  6661.  9674. 11560. 12128. 13311.
  12352.  8678.  -108. 11062. 10138.  6416.  2928. 15022. 10154.  4328.
   2212.  2096.  -632. 23172.  6708.  9060.  8571.  7198. 10382.  7670.
   2108. 10664.  7818.  1653.]]

[[ -768.  2404.  2031.  4470.  4476.  4584.  5533.  5808.  5434.  2788.
   -214.  2854.  2376.  6632.  4206.  4910.  2572.  1336.  3032.  8056.
   2030.   236.  1660.   693.  1238.  5018.  3482.  2940.  2908.  -890.
   1629. -2344.  1220.   709.   470.  -908.  2676.  4543.   812. -2790.
  -5052. -2234.  1232. -3296.  3608.  4206.  1098. -1616. -3672. -7164.
  -5928.  -656. -2652.   612.   235.  1058. -2594. -2066. -7124. -1080.
  -4694. -4509.  1208.  2348.  1213.  2826.  4792.  1424.   495.  3696.
   5958.  3532.  -842.   932.  2736. -2952. -2818.  2794.  2240.  2188.
   5730.  4488. -5410.  3988.  1652.   395.   626.  5502.  4454.  5860.
  -2748.  2606.  4415. 10920. 12804.  6661.  9674. 11560. 12128. 13311.
  12352.  8678.  -108. 11062. 10138.  6416.  2928. 15022. 10154.  4328.
   2212.  2096.  -632. 23172.  6708.  9060.  8571.  7198. 10382.  7670.
   2108. 10664.  7818.  1653.]]

==============================

[[ -768.  2404.  2031.  4470.  4476.  4584.  5533.  5808.  5434.  2788.
   -214.  2854.  2376.  6632.  4206.  4910.  2572.  1336.  3032.  8056.
   2030.   236.  1660.   693.  1238.  5018.  3482.  2940.  2908.  -890.
   1629. -2344.  1220.   709.   470.  -908.  2676.  4543.   812. -2790.
  -5052. -2234.  1232. -3296.  3608.  4206.  1098. -1616. -3672. -7164.
  -5928.  -656. -2652.   612.   235.  1058. -2594. -2066. -7124. -1080.
  -4694. -4509.  1208.  2348.  1213.  2826.  4792.  1424.   495.  3696.
   5958.  3532.  -842.   932.  2736. -2952. -2818.  2794.  2240.  2188.
   5730.  4488. -5410.  3988.  1652.   395.   626.  5502.  4454.  5860.
  -2748.  2606.  4415. 10920. 12804.  6661.  9674. 11560. 12128. 13311.
  12352.  8678.  -108. 11062. 10138.  6416.  2928. 15022. 10154.  4328.
   2212.  2096.  -632. 23172.  6708.  9060.  8571.  7198. 10382.  7670.
   2108. 10664.  7818.  1653.]]

[[ -768.  2404.  2031.  4470.  4476.  4584.  5533.  5808.  5434.  2788.
   -214.  2854.  2376.  6632.  4206.  4910.  2572.  1336.  3032.  8056.
   2030.   236.  1660.   693.  1238.  5018.  3482.  2940.  2908.  -890.
   1629. -2344.  1220.   709.   470.  -908.  2676.  4543.   812. -2790.
  -5052. -2234.  1232. -3296.  3608.  4206.  1098. -1616. -3672. -7164.
  -5928.  -656. -2652.   612.   235.  1058. -2594. -2066. -7124. -1080.
  -4694. -4509.  1208.  2348.  1213.  2826.  4792.  1424.   495.  3696.
   5958.  3532.  -842.   932.  2736. -2952. -2818.  2794.  2240.  2188.
   5730.  4488. -5410.  3988.  1652.   395.   626.  5502.  4454.  5860.
  -2748.  2606.  4415. 10920. 12804.  6661.  9674. 11560. 12128. 13311.
  12352.  8678.  -108. 11062. 10138.  6416.  2928. 15022. 10154.  4328.
   2212.  2096.  -632. 23172.  6708.  9060.  8571.  7198. 10382.  7670.
   2108. 10664.  7818.  1653.]]

==============================

[[ -768.  2404.  2031.  4470.  4476.  4584.  5533.  5808.  5434.  2788.
   -214.  2854.  2376.  6632.  4206.  4910.  2572.  1336.  3032.  8056.
   2030.   236.  1660.   693.  1238.  5018.  3482.  2940.  2908.  -890.
   1629. -2344.  1220.   709.   470.  -908.  2676.  4543.   812. -2790.
  -5052. -2234.  1232. -3296.  3608.  4206.  1098. -1616. -3672. -7164.
  -5928.  -656. -2652.   612.   235.  1058. -2594. -2066. -7124. -1080.
  -4694. -4509.  1208.  2348.  1213.  2826.  4792.  1424.   495.  3696.
   5958.  3532.  -842.   932.  2736. -2952. -2818.  2794.  2240.  2188.
   5730.  4488. -5410.  3988.  1652.   395.   626.  5502.  4454.  5860.
  -2748.  2606.  4415. 10920. 12804.  6661.  9674. 11560. 12128. 13311.
  12352.  8678.  -108. 11062. 10138.  6416.  2928. 15022. 10154.  4328.
   2212.  2096.  -632. 23172.  6708.  9060.  8571.  7198. 10382.  7670.
   2108. 10664.  7818.  1653.]]

[[ -768.  2404.  2031.  4470.  4476.  4584.  5533.  5808.  5434.  2788.
   -214.  2854.  2376.  6632.  4206.  4910.  2572.  1336.  3032.  8056.
   2030.   236.  1660.   693.  1238.  5018.  3482.  2940.  2908.  -890.
   1629. -2344.  1220.   709.   470.  -908.  2676.  4543.   812. -2790.
  -5052. -2234.  1232. -3296.  3608.  4206.  1098. -1616. -3672. -7164.
  -5928.  -656. -2652.   612.   235.  1058. -2594. -2066. -7124. -1080.
  -4694. -4509.  1208.  2348.  1213.  2826.  4792.  1424.   495.  3696.
   5958.  3532.  -842.   932.  2736. -2952. -2818.  2794.  2240.  2188.
   5730.  4488. -5410.  3988.  1652.   395.   626.  5502.  4454.  5860.
  -2748.  2606.  4415. 10920. 12804.  6661.  9674. 11560. 12128. 13311.
  12352.  8678.  -108. 11062. 10138.  6416.  2928. 15022. 10154.  4328.
   2212.  2096.  -632. 23172.  6708.  9060.  8571.  7198. 10382.  7670.
   2108. 10664.  7818.  1653.]]

==============================

[[ -768.  2404.  2031.  4470.  4476.  4584.  5533.  5808.  5434.  2788.
   -214.  2854.  2376.  6632.  4206.  4910.  2572.  1336.  3032.  8056.
   2030.   236.  1660.   693.  1238.  5018.  3482.  2940.  2908.  -890.
   1629. -2344.  1220.   709.   470.  -908.  2676.  4543.   812. -2790.
  -5052. -2234.  1232. -3296.  3608.  4206.  1098. -1616. -3672. -7164.
  -5928.  -656. -2652.   612.   235.  1058. -2594. -2066. -7124. -1080.
  -4694. -4509.  1208.  2348.  1213.  2826.  4792.  1424.   495.  3696.
   5958.  3532.  -842.   932.  2736. -2952. -2818.  2794.  2240.  2188.
   5730.  4488. -5410.  3988.  1652.   395.   626.  5502.  4454.  5860.
  -2748.  2606.  4415. 10920. 12804.  6661.  9674. 11560. 12128. 13311.
  12352.  8678.  -108. 11062. 10138.  6416.  2928. 15022. 10154.  4328.
   2212.  2096.  -632. 23172.  6708.  9060.  8571.  7198. 10382.  7670.
   2108. 10664.  7818.  1653.]]

[[ -768.  2404.  2031.  4470.  4476.  4584.  5533.  5808.  5434.  2788.
   -214.  2854.  2376.  6632.  4206.  4910.  2572.  1336.  3032.  8056.
   2030.   236.  1660.   693.  1238.  5018.  3482.  2940.  2908.  -890.
   1629. -2344.  1220.   709.   470.  -908.  2676.  4543.   812. -2790.
  -5052. -2234.  1232. -3296.  3608.  4206.  1098. -1616. -3672. -7164.
  -5928.  -656. -2652.   612.   235.  1058. -2594. -2066. -7124. -1080.
  -4694. -4509.  1208.  2348.  1213.  2826.  4792.  1424.   495.  3696.
   5958.  3532.  -842.   932.  2736. -2952. -2818.  2794.  2240.  2188.
   5730.  4488. -5410.  3988.  1652.   395.   626.  5502.  4454.  5860.
  -2748.  2606.  4415. 10920. 12804.  6661.  9674. 11560. 12128. 13311.
  12352.  8678.  -108. 11062. 10138.  6416.  2928. 15022. 10154.  4328.
   2212.  2096.  -632. 23172.  6708.  9060.  8571.  7198. 10382.  7670.
   2108. 10664.  7818.  1653.]]

==============================

[[ -768.  2404.  2031.  4470.  4476.  4584.  5533.  5808.  5434.  2788.
   -214.  2854.  2376.  6632.  4206.  4910.  2572.  1336.  3032.  8056.
   2030.   236.  1660.   693.  1238.  5018.  3482.  2940.  2908.  -890.
   1629. -2344.  1220.   709.   470.  -908.  2676.  4543.   812. -2790.
  -5052. -2234.  1232. -3296.  3608.  4206.  1098. -1616. -3672. -7164.
  -5928.  -656. -2652.   612.   235.  1058. -2594. -2066. -7124. -1080.
  -4694. -4509.  1208.  2348.  1213.  2826.  4792.  1424.   495.  3696.
   5958.  3532.  -842.   932.  2736. -2952. -2818.  2794.  2240.  2188.
   5730.  4488. -5410.  3988.  1652.   395.   626.  5502.  4454.  5860.
  -2748.  2606.  4415. 10920. 12804.  6661.  9674. 11560. 12128. 13311.
  12352.  8678.  -108. 11062. 10138.  6416.  2928. 15022. 10154.  4328.
   2212.  2096.  -632. 23172.  6708.  9060.  8571.  7198. 10382.  7670.
   2108. 10664.  7818.  1653.]]

[[ -768.  2404.  2031.  4470.  4476.  4584.  5533.  5808.  5434.  2788.
   -214.  2854.  2376.  6632.  4206.  4910.  2572.  1336.  3032.  8056.
   2030.   236.  1660.   693.  1238.  5018.  3482.  2940.  2908.  -890.
   1629. -2344.  1220.   709.   470.  -908.  2676.  4543.   812. -2790.
  -5052. -2234.  1232. -3296.  3608.  4206.  1098. -1616. -3672. -7164.
  -5928.  -656. -2652.   612.   235.  1058. -2594. -2066. -7124. -1080.
  -4694. -4509.  1208.  2348.  1213.  2826.  4792.  1424.   495.  3696.
   5958.  3532.  -842.   932.  2736. -2952. -2818.  2794.  2240.  2188.
   5730.  4488. -5410.  3988.  1652.   395.   626.  5502.  4454.  5860.
  -2748.  2606.  4415. 10920. 12804.  6661.  9674. 11560. 12128. 13311.
  12352.  8678.  -108. 11062. 10138.  6416.  2928. 15022. 10154.  4328.
   2212.  2096.  -632. 23172.  6708.  9060.  8571.  7198. 10382.  7670.
   2108. 10664.  7818.  1653.]]

==============================

[[ -768.  2404.  2031.  4470.  4476.  4584.  5533.  5808.  5434.  2788.
   -214.  2854.  2376.  6632.  4206.  4910.  2572.  1336.  3032.  8056.
   2030.   236.  1660.   693.  1238.  5018.  3482.  2940.  2908.  -890.
   1629. -2344.  1220.   709.   470.  -908.  2676.  4543.   812. -2790.
  -5052. -2234.  1232. -3296.  3608.  4206.  1098. -1616. -3672. -7164.
  -5928.  -656. -2652.   612.   235.  1058. -2594. -2066. -7124. -1080.
  -4694. -4509.  1208.  2348.  1213.  2826.  4792.  1424.   495.  3696.
   5958.  3532.  -842.   932.  2736. -2952. -2818.  2794.  2240.  2188.
   5730.  4488. -5410.  3988.  1652.   395.   626.  5502.  4454.  5860.
  -2748.  2606.  4415. 10920. 12804.  6661.  9674. 11560. 12128. 13311.
  12352.  8678.  -108. 11062. 10138.  6416.  2928. 15022. 10154.  4328.
   2212.  2096.  -632. 23172.  6708.  9060.  8571.  7198. 10382.  7670.
   2108. 10664.  7818.  1653.]]

[[ -768.  2404.  2031.  4470.  4476.  4584.  5533.  5808.  5434.  2788.
   -214.  2854.  2376.  6632.  4206.  4910.  2572.  1336.  3032.  8056.
   2030.   236.  1660.   693.  1238.  5018.  3482.  2940.  2908.  -890.
   1629. -2344.  1220.   709.   470.  -908.  2676.  4543.   812. -2790.
  -5052. -2234.  1232. -3296.  3608.  4206.  1098. -1616. -3672. -7164.
  -5928.  -656. -2652.   612.   235.  1058. -2594. -2066. -7124. -1080.
  -4694. -4509.  1208.  2348.  1213.  2826.  4792.  1424.   495.  3696.
   5958.  3532.  -842.   932.  2736. -2952. -2818.  2794.  2240.  2188.
   5730.  4488. -5410.  3988.  1652.   395.   626.  5502.  4454.  5860.
  -2748.  2606.  4415. 10920. 12804.  6661.  9674. 11560. 12128. 13311.
  12352.  8678.  -108. 11062. 10138.  6416.  2928. 15022. 10154.  4328.
   2212.  2096.  -632. 23172.  6708.  9060.  8571.  7198. 10382.  7670.
   2108. 10664.  7818.  1653.]]

==============================

[[ -768.  2404.  2031.  4470.  4476.  4584.  5533.  5808.  5434.  2788.
   -214.  2854.  2376.  6632.  4206.  4910.  2572.  1336.  3032.  8056.
   2030.   236.  1660.   693.  1238.  5018.  3482.  2940.  2908.  -890.
   1629. -2344.  1220.   709.   470.  -908.  2676.  4543.   812. -2790.
  -5052. -2234.  1232. -3296.  3608.  4206.  1098. -1616. -3672. -7164.
  -5928.  -656. -2652.   612.   235.  1058. -2594. -2066. -7124. -1080.
  -4694. -4509.  1208.  2348.  1213.  2826.  4792.  1424.   495.  3696.
   5958.  3532.  -842.   932.  2736. -2952. -2818.  2794.  2240.  2188.
   5730.  4488. -5410.  3988.  1652.   395.   626.  5502.  4454.  5860.
  -2748.  2606.  4415. 10920. 12804.  6661.  9674. 11560. 12128. 13311.
  12352.  8678.  -108. 11062. 10138.  6416.  2928. 15022. 10154.  4328.
   2212.  2096.  -632. 23172.  6708.  9060.  8571.  7198. 10382.  7670.
   2108. 10664.  7818.  1653.]]

[[ -768.  2404.  2031.  4470.  4476.  4584.  5533.  5808.  5434.  2788.
   -214.  2854.  2376.  6632.  4206.  4910.  2572.  1336.  3032.  8056.
   2030.   236.  1660.   693.  1238.  5018.  3482.  2940.  2908.  -890.
   1629. -2344.  1220.   709.   470.  -908.  2676.  4543.   812. -2790.
  -5052. -2234.  1232. -3296.  3608.  4206.  1098. -1616. -3672. -7164.
  -5928.  -656. -2652.   612.   235.  1058. -2594. -2066. -7124. -1080.
  -4694. -4509.  1208.  2348.  1213.  2826.  4792.  1424.   495.  3696.
   5958.  3532.  -842.   932.  2736. -2952. -2818.  2794.  2240.  2188.
   5730.  4488. -5410.  3988.  1652.   395.   626.  5502.  4454.  5860.
  -2748.  2606.  4415. 10920. 12804.  6661.  9674. 11560. 12128. 13311.
  12352.  8678.  -108. 11062. 10138.  6416.  2928. 15022. 10154.  4328.
   2212.  2096.  -632. 23172.  6708.  9060.  8571.  7198. 10382.  7670.
   2108. 10664.  7818.  1653.]]

==============================

[[ -768.  2404.  2031.  4470.  4476.  4584.  5533.  5808.  5434.  2788.
   -214.  2854.  2376.  6632.  4206.  4910.  2572.  1336.  3032.  8056.
   2030.   236.  1660.   693.  1238.  5018.  3482.  2940.  2908.  -890.
   1629. -2344.  1220.   709.   470.  -908.  2676.  4543.   812. -2790.
  -5052. -2234.  1232. -3296.  3608.  4206.  1098. -1616. -3672. -7164.
  -5928.  -656. -2652.   612.   235.  1058. -2594. -2066. -7124. -1080.
  -4694. -4509.  1208.  2348.  1213.  2826.  4792.  1424.   495.  3696.
   5958.  3532.  -842.   932.  2736. -2952. -2818.  2794.  2240.  2188.
   5730.  4488. -5410.  3988.  1652.   395.   626.  5502.  4454.  5860.
  -2748.  2606.  4415. 10920. 12804.  6661.  9674. 11560. 12128. 13311.
  12352.  8678.  -108. 11062. 10138.  6416.  2928. 15022. 10154.  4328.
   2212.  2096.  -632. 23172.  6708.  9060.  8571.  7198. 10382.  7670.
   2108. 10664.  7818.  1653.]]